name		numVars		numIntVars	integerLP	numConstr	sizeObjFun	numNodes	numIntNodes	numEdges	density		tw_lb	tw_ub	torso_lb	torso_ub	
acc-tight5	1339		1339		true		3052		1			1339		1339		40649		0.05		153		1003	153			1003		
aflow40b	2728		1364		false		1442		1364		2728		1364		1022006		0.27		1364	1364	1363		1363		
beasleyC3	2500		0			false		1750		1250		2500		0			788604		0.25		1249	1250	0			-2147483648	
bienst2		505			35			false		576			1			505			35			6552		0.05		52		292		34			34			
binkar10_1	2298		170			false		1026		1742		2298		170			1519502		0.58		1741	1741	169			169			
cov1075		120			120			true		637			120			120			120			7140		1.00		119		119		119			119			
csched010	1758		1457		false		351			50			1758		1457		60984		0.04		166		767		1456		1456		
danoint		521			56			false		664			1			521			56			12888		0.10		96		274		55			55			
dfn-gwin-UUM938			90			false		158			91			938			90			25452		0.06		104		681		89			89			
eilB101		2818		2818		true		100			2818		2818		2818		3969153		1.00		2817	2817	2817		2817		
enlight13	338			338			true		169			169			338			338			14989		0.26		168		168		168			168			
enlight14	392			392			true		196			196			392			392			20034		0.26		195		195		195			195			
glass4		322			302			false		396			20			322			302			2368		0.05		19		19		301			301			
gmu-35-40	1205		1200		false		424			1050		1205		1200		552869		0.76		1049	1049	1049		1049		
m100n500k4r1500			500			true		100			500			500			500			124750		1.00		499		499		499			499			
macrophage	2260		2260		true		3164		1582		2260		2260		1255161		0.49		1581	1581	1581		1581		
mcsched		1747		1745		false		2107		1			1747		1745		1243386		0.82		1576	1576	1574		1574		
mik.250-1-100.1251		250			false		151			251			251			250			31375		1.00		250		250		249			249			
n4-3		3596		174			false		1236		3538		3596		174			6260848		0.97		3538	3538	173			173			
neos-686190	3660		3660		true		3664		3540		3660		3660		6281494		0.94		3540	3540	3540		3540		
neos-13961251161		129			false		1494		258			1161		129			42486		0.06		257		447		92			92			
newdano		505			56			false		576			1			505			56			6552		0.05		52		292		55			55			
noswot		128			100			false		182			25			128			100			935			0.12		24		24		24			24			
ns1766074	100			90			false		182			90			100			90			4230		0.85		90		91		89			89			
opm2-z7-s2	2023		2023		true		31798		1997		2023		2023		2045253		1.00		2022	2022	2022		2022		
pg5_34		2600		100			false		225			2600		2600		100			3378700		1.00		2599	2599	99			99			
pigeon-10	490			400			false		931			100			490			400			11715		0.10		99		119		172			249			
qiu			840			48			false		1192		312			840			48			119268		0.34		419		605		47			47			
ran16x16	512			256			false		288			512			512			256			130816		1.00		511		511		255			255			
reblock67	670			670			true		2523		670			670			670			224115		1.00		669		669		669			669			
rococoC10-0010003117	3117		true		1293		1			3117		3117		122443		0.03		0		1633	0			1633		
timtab1		397			171			false		171			128			397			171			9284		0.12		127		127		170			170			
